相机标定分辨率: 320x240
每幅图像的标定误差: 
图像[100.jpg]的平均误差: 0.0410714像素
图像[101.jpg]的平均误差: 0.0402633像素
图像[114.jpg]的平均误差: 0.0420695像素
图像[115.jpg]的平均误差: 0.0434212像素
图像[116.jpg]的平均误差: 0.0424569像素
图像[117.jpg]的平均误差: 0.0469673像素
图像[118.jpg]的平均误差: 0.0390073像素
图像[126.jpg]的平均误差: 0.052161像素
图像[127.jpg]的平均误差: 0.0557904像素
图像[128.jpg]的平均误差: 0.0402663像素
图像[130.jpg]的平均误差: 0.0458806像素
图像[136.jpg]的平均误差: 0.0402529像素
图像[150.jpg]的平均误差: 0.0394724像素
图像[151.jpg]的平均误差: 0.0330919像素
图像[70.jpg]的平均误差: 0.0340761像素
图像[71.jpg]的平均误差: 0.0310631像素
图像[72.jpg]的平均误差: 0.0356888像素
图像[73.jpg]的平均误差: 0.0354313像素
图像[74.jpg]的平均误差: 0.0344335像素
图像[86.jpg]的平均误差: 0.0340882像素
图像[88.jpg]的平均误差: 0.0312869像素
图像[96.jpg]的平均误差: 0.0337639像素
图像[97.jpg]的平均误差: 0.0369539像素
总体平均误差: 0.0395199像素

相机内参数矩阵: 
[255.9392913412787, 0, 184.9795802095396;
 0, 256.4700260729548, 128.2293895733901;
 0, 0, 1]

畸变系数: 
[-0.4188770391332657, 0.5120257461842651, 0.003384016085173934, 8.670254312145596e-05, -0.7554147565177812]


图像[100.jpg]的旋转向量: 
[-0.72822077855662;
 2.649745162315928;
 0.4649265828541388]
图像[100.jpg]的旋转矩阵: 
[-0.8055066381673829, -0.5392949095481464, 0.2456014177559597;
 -0.4234679212137694, 0.8137784304608625, 0.3980447032929137;
 -0.4145286185188782, 0.2166233289655376, -0.8838780220011803]
图像[100.jpg]的平移向量: 
[139.2227487447684;
 -117.8741559962809;
 429.5785117615706]

图像[101.jpg]的旋转向量: 
[-0.3763360474165612;
 2.764465272898323;
 0.4506494711397505]
图像[101.jpg]的旋转矩阵: 
[-0.9160615177749676, -0.3035616164512882, 0.2620718234936822;
 -0.2046140932212078, 0.9158109563177073, 0.3455768585187803;
 -0.3449121170777936, 0.262946072999631, -0.901052159526288]
图像[101.jpg]的平移向量: 
[124.7777621628561;
 -136.6467013166045;
 399.3434833953406]

图像[114.jpg]的旋转向量: 
[-2.385233471355247;
 1.670895735686797;
 0.4754348056569975]
图像[114.jpg]的旋转矩阵: 
[0.3130907843600194, -0.9376847041833031, -0.1507367118173273;
 -0.8765785518659556, -0.3463949981957614, 0.3340966142204123;
 -0.3654917278919085, 0.02752999755957306, -0.9304073817833546]
图像[114.jpg]的平移向量: 
[40.98252394906778;
 66.50625216441968;
 394.8367941074536]

图像[115.jpg]的旋转向量: 
[-1.95414572586057;
 1.94338899178201;
 0.2279653626741535]
图像[115.jpg]的旋转矩阵: 
[0.03369829690974657, -0.9887472383491769, 0.1457508951679507;
 -0.9281763457495351, 0.02311725232732542, 0.3714219485112242;
 -0.3706117860732741, -0.1477988203664398, -0.9169527865282197]
图像[115.jpg]的平移向量: 
[64.6483024109141;
 42.38692694610528;
 415.6780045053578]

图像[116.jpg]的旋转向量: 
[-1.695195497449985;
 2.020828558342592;
 0.1431801144981141]
图像[116.jpg]的旋转矩阵: 
[-0.1043433363871824, -0.9477506789308753, 0.3014649544103863;
 -0.8957772101422558, 0.2212514662450177, 0.3855268842430922;
 -0.432082929472281, -0.2298182744485189, -0.8720595752516895]
图像[116.jpg]的平移向量: 
[53.86673762210768;
 14.99231711364124;
 437.3865528217341]

图像[117.jpg]的旋转向量: 
[-1.341746938454403;
 2.158135714919327;
 0.07419548871195587]
图像[117.jpg]的旋转矩阵: 
[-0.3172025452525796, -0.8344201745261897, 0.4506944836904131;
 -0.8014973646313182, 0.4899071361869428, 0.342918317390832;
 -0.5069364060455087, -0.252455877841635, -0.8241853614138464]
图像[117.jpg]的平移向量: 
[53.99767670290493;
 -39.80170203237579;
 456.5575419888755]

图像[118.jpg]的旋转向量: 
[-1.07580030461582;
 2.240931054837488;
 0.003724413790608627]
图像[118.jpg]的旋转矩阵: 
[-0.4568120050309977, -0.700281205438936, 0.5485699821978509;
 -0.6984539018681866, 0.6642516764593042, 0.2663303536702302;
 -0.5508946714433399, -0.2614879416531379, -0.7925522805123582]
图像[118.jpg]的平移向量: 
[68.98164731544959;
 -78.26145332573812;
 463.4796507310354]

图像[126.jpg]的旋转向量: 
[-1.013186892514273;
 2.128558342107594;
 0.01709500477174829]
图像[126.jpg]的旋转矩阵: 
[-0.392513088781515, -0.6679100631462114, 0.6323208225918379;
 -0.6576678964233116, 0.6844247745142193, 0.3146993264137952;
 -0.6429668834001725, -0.292333500610491, -0.7079086885124981]
图像[126.jpg]的平移向量: 
[95.09979699952248;
 -82.40453010925505;
 456.1686539141706]

图像[127.jpg]的旋转向量: 
[-2.048245727366454;
 1.822914189614453;
 0.4116472617821895]
图像[127.jpg]的旋转矩阵: 
[0.1219868989695283, -0.9922141425505139, 0.02510561296895554;
 -0.885141875067753, -0.09730947620483166, 0.4550326656870735;
 -0.4490468321693639, -0.07773005315507066, -0.8901207678484808]
图像[127.jpg]的平移向量: 
[65.53234032395498;
 40.50867345058457;
 406.2988861552139]

图像[128.jpg]的旋转向量: 
[-2.438127411087321;
 1.32642087550494;
 0.7049060384912628]
图像[128.jpg]的旋转矩阵: 
[0.4602925535801091, -0.8411027681827163, -0.2840367907051382;
 -0.7060465190511434, -0.5407845108026599, 0.4572203252390374;
 -0.538171978139392, -0.009911923693183451, -0.8427767650536139]
图像[128.jpg]的平移向量: 
[23.13519915123918;
 46.66755219661263;
 410.0864873146002]

图像[130.jpg]的旋转向量: 
[-2.170197233785268;
 1.856546520242045;
 0.3112366207368829]
图像[130.jpg]的旋转矩阵: 
[0.1566992290434884, -0.9875869404444502, 0.01083451340605252;
 -0.9300605248699041, -0.1438627260801555, 0.3380694250054335;
 -0.3323142664645839, -0.06305197148667017, -0.9410588064492833]
图像[130.jpg]的平移向量: 
[106.5374358023231;
 53.68840723090231;
 353.8723092804692]

图像[136.jpg]的旋转向量: 
[-2.01280301134703;
 1.797203623812313;
 0.5621653174080988]
图像[136.jpg]的旋转矩阵: 
[0.1007361943917646, -0.9940295355955439, -0.04192256556047341;
 -0.8407357932042853, -0.1075810512752916, 0.530650208170754;
 -0.5319920536668064, -0.01820988111467613, -0.8465535157715449]
图像[136.jpg]的平移向量: 
[79.48354511072957;
 -32.09351920691898;
 552.5538227990111]

图像[150.jpg]的旋转向量: 
[-0.3970772620442552;
 2.591695367371837;
 0.4148129387301892]
图像[150.jpg]的旋转矩阵: 
[-0.8415710608909274, -0.3482367992363596, 0.4129034767697343;
 -0.2019676810725636, 0.9118531178243051, 0.3573974640596446;
 -0.5009662715923003, 0.2173822052784198, -0.8377217745499997]
图像[150.jpg]的平移向量: 
[80.19527066355917;
 -146.4027220475919;
 457.2555829319968]

图像[151.jpg]的旋转向量: 
[-0.178193149090453;
 2.629553390577168;
 0.3961749221415358]
图像[151.jpg]的旋转矩阵: 
[-0.880209534487769, -0.1927526039208851, 0.4336791545354047;
 -0.0564183142778191, 0.9498254811373098, 0.3076500108830292;
 -0.4712198523098048, 0.2463290260281909, -0.8469202215823687]
图像[151.jpg]的平移向量: 
[79.3032260590572;
 -166.080453349142;
 445.6938585000382]

图像[70.jpg]的旋转向量: 
[-1.928118706605871;
 1.95446542221328;
 0.5163811492636204]
图像[70.jpg]的旋转矩阵: 
[-0.01588828103388829, -0.9998338746240746, -0.00893228302276195;
 -0.8737675762054214, 0.009540925975896952, 0.4862501347080798;
 -0.4860841339705416, 0.01553041807978763, -0.8737740101515813]
图像[70.jpg]的平移向量: 
[60.37074114216288;
 -41.12173850262599;
 440.1456734801116]

图像[71.jpg]的旋转向量: 
[-1.904060731434556;
 1.968025142961493;
 0.4568127177318773]
图像[71.jpg]的旋转矩阵: 
[-0.02424696899818779, -0.9990915627394809, 0.03504473936531047;
 -0.8814992635017681, 0.03790233476669425, 0.4706617272150704;
 -0.4715624380082036, -0.01947979163171537, -0.8816174934617304]
图像[71.jpg]的平移向量: 
[68.18948680786265;
 -9.909076221287867;
 453.7927203009747]

图像[72.jpg]的旋转向量: 
[-1.826572914775042;
 2.007157410214604;
 0.3848693602680782]
图像[72.jpg]的旋转矩阵: 
[-0.06785238722717335, -0.9920678482858268, 0.1058179471786517;
 -0.8825615976714435, 0.1091458790746714, 0.4573534775167311;
 -0.4652752732127546, -0.06235833126814358, -0.8829667936328348]
图像[72.jpg]的平移向量: 
[82.93550397620822;
 4.801554156557425;
 465.211943803534]

图像[73.jpg]的旋转向量: 
[-1.718578711232449;
 1.959002204825771;
 0.3273287946557226]
图像[73.jpg]的旋转矩阵: 
[-0.06949632108890891, -0.974152852939989, 0.2149336652643954;
 -0.851360167476477, 0.1702156524294454, 0.4961980420179455;
 -0.5199578123170494, -0.1485020228040618, -0.8411842976622721]
图像[73.jpg]的平移向量: 
[87.54212221787492;
 -7.398793660487607;
 485.671601054702]

图像[74.jpg]的旋转向量: 
[-1.628191680935266;
 1.963135599921399;
 0.2098694514667658]
图像[74.jpg]的旋转矩阵: 
[-0.09224796701464455, -0.9407703375442694, 0.3262537119765946;
 -0.8505414715144971, 0.2448160910627178, 0.4654506276617589;
 -0.5177543025563566, -0.234555438124152, -0.8227479739451006]
图像[74.jpg]的平移向量: 
[76.93232763747855;
 -28.6604160829894;
 489.6082724355972]

图像[86.jpg]的旋转向量: 
[-1.883410273013521;
 1.925806392061788;
 0.5804400200607741]
图像[86.jpg]的旋转矩阵: 
[-0.02642256082924144, -0.9995501887032304, -0.01418691448348025;
 -0.8409099469065627, 0.01455071046153655, 0.5409794247646266;
 -0.5405296564230558, 0.02622397926328275, -0.8409161631451569]
图像[86.jpg]的平移向量: 
[64.15505984013986;
 -88.33148480805581;
 531.5174206816481]

图像[88.jpg]的旋转向量: 
[-1.956955186417739;
 1.972651001068177;
 0.5671697139657561]
图像[88.jpg]的旋转矩阵: 
[-0.02339048239351893, -0.9979050854844358, -0.06031853527481655;
 -0.8775540218370692, -0.008408152474578046, 0.4794040485118466;
 -0.4789069054534327, 0.06414626517783449, -0.8755189504361124]
图像[88.jpg]的平移向量: 
[72.68325388846259;
 -73.59366716344907;
 527.5622063871034]

图像[96.jpg]的旋转向量: 
[-1.902498908676227;
 2.034702358072619;
 0.625311942627805]
图像[96.jpg]的旋转矩阵: 
[-0.08914843708842402, -0.9924330692186618, -0.084434348969588;
 -0.8685634414268553, 0.03596981289825163, 0.4942708981690128;
 -0.4874936967607162, 0.1174000667857204, -0.8651977345886195]
图像[96.jpg]的平移向量: 
[125.3819001998353;
 -50.54523342391819;
 480.1513379768562]

图像[97.jpg]的旋转向量: 
[-1.264675614069687;
 2.490977367202499;
 0.490387542447805]
图像[97.jpg]的旋转矩阵: 
[-0.5653412533191374, -0.8170362464533829, 0.1133183095396047;
 -0.7131166582502377, 0.5531657702663227, 0.4306649072442276;
 -0.4145526492757711, 0.1626634642045727, -0.8953695875957632]
图像[97.jpg]的平移向量: 
[149.0943049570162;
 -82.94411362027529;
 450.5598660270148]


