<?xml version="1.0"?>
<opencv_storage>
<cameraMatrix type_id="opencv-matrix">
  <rows>3</rows>
  <cols>3</cols>
  <dt>d</dt>
  <data>
    2.5593929134127873e+02 0. 1.8497958020953956e+02 0.
    2.5647002607295479e+02 1.2822938957339011e+02 0. 0. 1.</data></cameraMatrix>
<distCoeffs type_id="opencv-matrix">
  <rows>1</rows>
  <cols>5</cols>
  <dt>d</dt>
  <data>
    -4.1887703913326568e-01 5.1202574618426511e-01
    3.3840160851739340e-03 8.6702543121455956e-05
    -7.5541475651778123e-01</data></distCoeffs>
</opencv_storage>
